Camera Parameters for reconstruction.
width: 1920
height: 1080
fx: 1081.3720703125
fy: 1081.3720703125
cx: 959.5
cy: 539.5